2003,3007,1000,2390,1133,6118,2748
2939,3737,2874,1803,1009,2004,2456
2889,2667,4568,9886,1400,2349,4985
2888,4999,5902,4556,2345,6377,7788
9999,3666,2245,4567,2337,1998,2883
9982,9998,7888,2773,2774,1667,7777
2883,2727,9995,3333,4444,4555,3332
2222,1111,8888,3244,2245,4446,6778
9987,7774,4446,3333,9968,3888,2245
8884,2456,8346,7356,6345,6395,6499
6647,5886,2345,2222,1566,5699,9945
9985,7784,5999,9958,2995,7374,1035
3898,9085,9995,6998,9009,3996,3999
2003,3007,1000,2390,1133,6118,2748
2939,8737,2874,1803,1009,2004,2456
2889,2667,4568,9886,1400,2349,4985
10333,3455,10022,10222,4555,6799
2888,4999,5902,4556,2345,6677,7788
10333,10222,10888
9999,3666,2245,4567,2337,1998,2883
9982,9998,7888,2773,2774,1667,7777
2883,2727,9995,3333,4444,4555,3332
2222,1111,8888,3244,2245,4446,6778
9987,7774,4446,3333,9968,3888,2245
8884,2456,8346,7356,6345,6395,6499
6647,5886,2345,2222,1566,5699,9945
9985,7784,5999,9958,2995,7374,2035
3898,3085,9995,6998,9009,3996,3999
10288,5678,10998,10234,3883
10388,3888,3677,6000,5666,3990
